alpha          TP        FP        TN        FN        sensitivity         averageSquareTrim   leftMedian          rightMedian         leftMedianPositive  rightMedianPositive leftMedianNegative  rightMedianNegative
0.2            16        3         0         984       0.016               2483.875            -17.0               -21.5               0                   0                   -17.0               -21.5                                   
0.2            11        5         0         989       0.011               1269.90909091       -13                 -13                 0                   0                   -13                 -13                                     
0.2            17        8         0         983       0.017               1635.70588235       -18                 -20                 0                   0                   -18                 -20                                     
0.2            9         0         0         991       0.009               2208.55555556       -26                 -24                 0                   0                   -26                 -24                                     
0.2            14        1         0         986       0.014               1567.5              -17.5               -11.5               0                   0                   -17.5               -11.5                                   
0.21           6         1         0         994       0.006               2465.16666667       -15.0               -23.0               0                   0                   -15.0               -23.0                                   
0.21           6         0         0         994       0.006               1503.0              -20.0               -8.5                0                   0                   -20.0               -8.5                                    
0.21           4         1         0         996       0.004               1210.75             -25.0               -16.0               0                   0                   -25.0               -16.0                                   
0.21           5         3         0         995       0.005               2219.8              -36                 -12                 0                   0                   -36                 -12                                     
0.21           3         1         0         997       0.003               2466.0              -43                 -18                 0                   0                   -43                 -18                                     
0.22           0         0         0         1000      0.0                 0.0                 0.0                 0.0                 0.0                 0.0                 0.0                 0.0                                     
0.22           0         0         0         1000      0.0                 0.0                 0.0                 0.0                 0.0                 0.0                 0.0                 0.0                                     
0.22           0         0         0         1000      0.0                 0.0                 0.0                 0.0                 0.0                 0.0                 0.0                 0.0                                     
0.22           0         0         0         1000      0.0                 0.0                 0.0                 0.0                 0.0                 0.0                 0.0                 0.0                                     
0.22           1         0         0         999       0.001               1466.0              -25                 -29                 0                   0                   -25                 -29                                     
0.23           0         0         0         1000      0.0                 0.0                 0.0                 0.0                 0.0                 0.0                 0.0                 0.0                                     
0.23           0         0         0         1000      0.0                 0.0                 0.0                 0.0                 0.0                 0.0                 0.0                 0.0                                     
0.23           0         0         0         1000      0.0                 0.0                 0.0                 0.0                 0.0                 0.0                 0.0                 0.0                                     
0.23           0         0         0         1000      0.0                 0.0                 0.0                 0.0                 0.0                 0.0                 0.0                 0.0                                     
0.23           0         0         0         1000      0.0                 0.0                 0.0                 0.0                 0.0                 0.0                 0.0                 0.0                                     
0.24           0         0         0         1000      0.0                 0.0                 0.0                 0.0                 0.0                 0.0                 0.0                 0.0                                     
0.24           0         0         0         1000      0.0                 0.0                 0.0                 0.0                 0.0                 0.0                 0.0                 0.0                                     
0.24           0         0         0         1000      0.0                 0.0                 0.0                 0.0                 0.0                 0.0                 0.0                 0.0                                     
0.24           0         0         0         1000      0.0                 0.0                 0.0                 0.0                 0.0                 0.0                 0.0                 0.0                                     
0.24           0         0         0         1000      0.0                 0.0                 0.0                 0.0                 0.0                 0.0                 0.0                 0.0                                     
0.25           0         0         0         1000      0.0                 0.0                 0.0                 0.0                 0.0                 0.0                 0.0                 0.0                                     
0.25           0         0         0         1000      0.0                 0.0                 0.0                 0.0                 0.0                 0.0                 0.0                 0.0                                     
0.25           0         0         0         1000      0.0                 0.0                 0.0                 0.0                 0.0                 0.0                 0.0                 0.0                                     
0.25           0         0         0         1000      0.0                 0.0                 0.0                 0.0                 0.0                 0.0                 0.0                 0.0                                     
0.25           0         0         0         1000      0.0                 0.0                 0.0                 0.0                 0.0                 0.0                 0.0                 0.0                                     
0.26           0         0         0         1000      0.0                 0.0                 0.0                 0.0                 0.0                 0.0                 0.0                 0.0                                     
0.26           0         0         0         1000      0.0                 0.0                 0.0                 0.0                 0.0                 0.0                 0.0                 0.0                                     
0.26           0         0         0         1000      0.0                 0.0                 0.0                 0.0                 0.0                 0.0                 0.0                 0.0                                     
0.26           0         0         0         1000      0.0                 0.0                 0.0                 0.0                 0.0                 0.0                 0.0                 0.0                                     
0.26           0         0         0         1000      0.0                 0.0                 0.0                 0.0                 0.0                 0.0                 0.0                 0.0                                     
0.27           0         0         0         1000      0.0                 0.0                 0.0                 0.0                 0.0                 0.0                 0.0                 0.0                                     
0.27           0         0         0         1000      0.0                 0.0                 0.0                 0.0                 0.0                 0.0                 0.0                 0.0                                     
0.27           0         0         0         1000      0.0                 0.0                 0.0                 0.0                 0.0                 0.0                 0.0                 0.0                                     
0.27           0         0         0         1000      0.0                 0.0                 0.0                 0.0                 0.0                 0.0                 0.0                 0.0                                     
0.27           0         0         0         1000      0.0                 0.0                 0.0                 0.0                 0.0                 0.0                 0.0                 0.0                                     
0.28           0         0         0         1000      0.0                 0.0                 0.0                 0.0                 0.0                 0.0                 0.0                 0.0                                     
0.28           0         0         0         1000      0.0                 0.0                 0.0                 0.0                 0.0                 0.0                 0.0                 0.0                                     
0.28           0         0         0         1000      0.0                 0.0                 0.0                 0.0                 0.0                 0.0                 0.0                 0.0                                     
0.28           2         0         0         998       0.002               3718.0              -17.0               -44.0               0                   0                   -17.0               -44.0                                   
0.28           1         0         0         999       0.001               4365.0              -51                 -42                 0                   0                   -51                 -42                                     
0.29           13        1         0         987       0.013               1356.92307692       -22                 -18                 0                   0                   -22                 -18                                     
0.29           5         0         0         995       0.005               1735.2              -8                  -9                  0                   0                   -8                  -9                                      
0.29           3         4         0         997       0.003               2322.0              -18                 -42                 0                   0                   -18                 -42                                     
0.29           2         1         0         998       0.002               1362.5              -16.0               -25.5               0                   0                   -16.0               -25.5                                   
0.29           7         0         0         993       0.007               1939.42857143       -14                 -10                 0                   0                   -14                 -10                                     
0.3            0         0         0         1000      0.0                 0.0                 0.0                 0.0                 0.0                 0.0                 0.0                 0.0                                     
0.3            8         5         0         992       0.008               347.375             -10.5               -9.5                0                   0                   -10.5               -9.5                                    
0.3            10        3         0         990       0.01                932.7               -15.0               -11.0               0                   0                   -15.0               -11.0                                   
0.3            8         6         0         992       0.008               2804.5              -4.5                -13.0               0                   0                   -4.5                -13.0                                   
0.3            10        6         0         990       0.01                1406.4              -11.5               -10.5               0                   0                   -11.5               -10.5                                   
